[gd_resource type="Resource" script_class="BoneProfile" format=3 uid="uid://dwplgmbh0we3m"]

[ext_resource type="Script" uid="uid://rl0pyf6bqvy1" path="res://addons/marionette/resources/bone_entry.gd" id="1_igw2a"]
[ext_resource type="SkeletonProfile" uid="uid://rg3ijt2qcbar" path="res://addons/marionette/data/marionette_humanoid_profile.tres" id="1_skel"]
[ext_resource type="Script" uid="uid://dbevicy4chs4i" path="res://addons/marionette/resources/bone_profile.gd" id="2_script"]

[sub_resource type="Resource" id="Resource_igw2a"]
script = ExtResource("1_igw2a")
archetype = 4
rom_min = Vector3(-0.17453292, -0.17453292, -0.17453292)
rom_max = Vector3(0.17453292, 0.17453292, 0.17453292)
spring_stiffness = Vector3(1.5, 1.5, 1.5)
spring_damping = Vector3(3, 3, 3)
mass_fraction = 0.09
rest_anatomical_offset = Vector3(-0.17839691, 2.2343684e-16, 4.918506e-09)
calculated_anatomical_basis = Basis(1, 8.526513e-14, -2.6594853e-07, 1.7961632e-11, 1, 5.9604645e-08, 2.6590982e-07, -8.940697e-08, 1.0000001)
use_calculated_frame = true

[sub_resource type="Resource" id="Resource_8ij37"]
script = ExtResource("1_igw2a")
archetype = 4
rom_min = Vector3(-0.17453292, -0.17453292, -0.17453292)
rom_max = Vector3(0.17453292, 0.17453292, 0.17453292)
spring_stiffness = Vector3(1.5, 1.5, 1.5)
spring_damping = Vector3(3, 3, 3)
mass_fraction = 0.069
rest_anatomical_offset = Vector3(-0.11196813, -2.2773907e-17, 2.9556428e-09)
calculated_anatomical_basis = Basis(1, -9.592327e-14, -2.648156e-07, -3.4416914e-14, 1, -3.7252903e-07, 2.6477286e-07, 4.172325e-07, 1.0000001)
use_calculated_frame = true

[sub_resource type="Resource" id="Resource_3os0y"]
script = ExtResource("1_igw2a")
archetype = 6
mass_fraction = 0.124

[sub_resource type="Resource" id="Resource_8kpxv"]
script = ExtResource("1_igw2a")
archetype = 4
rom_min = Vector3(-0.17453292, -0.17453292, -0.17453292)
rom_max = Vector3(0.17453292, 0.17453292, 0.17453292)
spring_stiffness = Vector3(1.5, 1.5, 1.5)
spring_damping = Vector3(3, 3, 3)
mass_fraction = 0.045
rest_anatomical_offset = Vector3(-0.23822959, -2.6862056e-18, 6.276202e-09)
calculated_anatomical_basis = Basis(1, -1.0842022e-17, -2.6403038e-08, 1.0863532e-11, 1.0000001, -8.940697e-08, 2.6361684e-08, 7.4505806e-08, 1.0000001)
use_calculated_frame = true

[sub_resource type="Resource" id="Resource_0ihmu"]
script = ExtResource("1_igw2a")
archetype = 1
flex_axis = 1
abduction_axis = 5
rom_min = Vector3(-0.5235988, 0, 0)
rom_max = Vector3(1.3962634, 0, 0)
spring_stiffness = Vector3(0.5, 0, 0)
spring_damping = Vector3(2, 0, 0)
mass_fraction = 0.0005
is_left_side = true
rest_anatomical_offset = Vector3(0.06984244, 3.742286e-09, -0.10435479)
calculated_anatomical_basis = Basis(-0.9998922, -2.9802322e-08, 0.01468005, -5.9604645e-08, 1, 4.4703484e-08, -0.014679972, -1.4901161e-08, -0.9998922)
use_calculated_frame = true

[sub_resource type="Resource" id="Resource_sqhgq"]
script = ExtResource("1_igw2a")
archetype = 2
flex_axis = 1
abduction_axis = 5
rom_min = Vector3(0, 0, -0.34906584)
rom_max = Vector3(1.5707964, 0, 0.34906584)
spring_stiffness = Vector3(0.5, 0, 0.5)
spring_damping = Vector3(2, 0, 2)
mass_fraction = 0.0008
is_left_side = true
rest_anatomical_offset = Vector3(-0.33692816, 0, 0.16041274)
calculated_anatomical_basis = Basis(-0.99999994, -8.1956387e-07, 0.00063792616, -8.1956387e-07, 0.99999994, -9.685755e-08, -0.0006378554, -1.3411045e-07, -0.99999976)
use_calculated_frame = true
mirror_abd = true

[sub_resource type="Resource" id="Resource_ab03b"]
script = ExtResource("1_igw2a")
archetype = 4
rom_min = Vector3(-0.17453292, -0.17453292, -0.17453292)
rom_max = Vector3(0.17453292, 0.17453292, 0.17453292)
spring_stiffness = Vector3(1.5, 1.5, 1.5)
spring_damping = Vector3(3, 3, 3)
mass_fraction = 0.015
is_left_side = true
rest_anatomical_offset = Vector3(0.0771699, 2.996645e-16, -2.079047e-09)
calculated_anatomical_basis = Basis(1.0000001, 3.1974423e-14, 2.1147893e-07, -4.8201443e-12, 1.0000002, 0, -2.1152132e-07, 2.9802322e-08, 1.0000001)
use_calculated_frame = true

[sub_resource type="Resource" id="Resource_v7hip"]
script = ExtResource("1_igw2a")
archetype = 2
rom_min = Vector3(-0.2617994, 0, -0.34906584)
rom_max = Vector3(0.6981317, 0, 0.34906584)
spring_stiffness = Vector3(1.2, 0, 1.2)
spring_damping = Vector3(2.8, 0, 2.8)
mass_fraction = 0.012
is_left_side = true
rest_anatomical_offset = Vector3(-0.44836545, -1.394556e-08, 0.23794305)
calculated_anatomical_basis = Basis(0.9999981, 2.2351742e-07, 0.0019783154, -1.7881393e-07, 1.0000001, -1.4901161e-07, -0.0019783527, 1.4901161e-07, 0.99999803)
use_calculated_frame = true

[sub_resource type="Resource" id="Resource_lqb1w"]
script = ExtResource("1_igw2a")
archetype = 2
flex_axis = 1
abduction_axis = 5
rom_min = Vector3(-0.9599311, 0, -0.2617994)
rom_max = Vector3(0.9599311, 0, 0.61086524)
spring_stiffness = Vector3(1.2, 0, 1.2)
spring_damping = Vector3(2.8, 0, 2.8)
mass_fraction = 0.004
is_left_side = true
rest_anatomical_offset = Vector3(0.114292726, -3.0540512e-09, 0.17012721)
calculated_anatomical_basis = Basis(-0.98900306, -6.7055225e-08, -0.14789703, 1.5646219e-07, 1.0000004, -1.1073425e-06, 0.14789698, -1.1620577e-06, -0.9890029)
use_calculated_frame = true
mirror_abd = true

[sub_resource type="Resource" id="Resource_ikpib"]
script = ExtResource("1_igw2a")
archetype = 1
flex_axis = 1
abduction_axis = 5
rom_max = Vector3(1.3962634, 0, 0)
spring_stiffness = Vector3(0.4, 0, 0)
spring_damping = Vector3(1.8, 0, 0)
mass_fraction = 0.0003
is_left_side = true
rest_anatomical_offset = Vector3(0.0018581755, 3.678533e-09, -0.040941454)
calculated_anatomical_basis = Basis(-0.99727315, -2.2351742e-08, -0.073802814, 4.8428774e-08, 1.0000002, -5.33415e-07, 0.073802784, -4.4319313e-07, -0.99727297)
use_calculated_frame = true

[sub_resource type="Resource" id="Resource_3lsjq"]
script = ExtResource("1_igw2a")
archetype = 1
flex_axis = 1
abduction_axis = 5
rom_max = Vector3(1.3962634, 0, 0)
spring_stiffness = Vector3(0.4, 0, 0)
spring_damping = Vector3(1.8, 0, 0)
mass_fraction = 0.0005
is_left_side = true
rest_anatomical_offset = Vector3(0.069033824, -3.0312495e-09, -0.11673037)
calculated_anatomical_basis = Basis(-0.99231774, -4.991889e-07, -0.12371664, -2.9057264e-07, 1.0000004, -1.2004748e-06, 0.12371661, -1.0380754e-06, -0.99231774)
use_calculated_frame = true

[sub_resource type="Resource" id="Resource_rjwyl"]
script = ExtResource("1_igw2a")
archetype = 2
flex_axis = 1
abduction_axis = 5
rom_min = Vector3(0, 0, -0.34906584)
rom_max = Vector3(1.5707964, 0, 0.34906584)
spring_stiffness = Vector3(0.4, 0, 0.4)
spring_damping = Vector3(1.8, 0, 1.8)
mass_fraction = 0.0008
is_left_side = true
rest_anatomical_offset = Vector3(0.009785072, -8.5025285e-09, 0.12298326)
calculated_anatomical_basis = Basis(-0.96901786, -3.1292439e-07, -0.24699083, 8.046627e-07, 1.0000002, -4.183501e-06, 0.24699077, -4.2307656e-06, -0.9690178)
use_calculated_frame = true
mirror_abd = true

[sub_resource type="Resource" id="Resource_3wkcm"]
script = ExtResource("1_igw2a")
archetype = 1
flex_axis = 1
abduction_axis = 5
rom_min = Vector3(-0.87266463, -1.3089969, -0.87266463)
rom_max = Vector3(1.3962634, 0, 0)
spring_stiffness = Vector3(0.4, 0, 0)
spring_damping = Vector3(1.8, 0, 0)
mass_fraction = 0.0003
is_left_side = true
rest_anatomical_offset = Vector3(-0.01843041, 8.832069e-09, 0.01721785)
calculated_anatomical_basis = Basis(-0.99653375, -4.4703484e-08, 0.08319234, 6.7055225e-08, 1.0000005, 1.2852252e-06, -0.08319235, 1.1833617e-06, -0.99653363)
use_calculated_frame = true

[sub_resource type="Resource" id="Resource_eynxo"]
script = ExtResource("1_igw2a")
archetype = 1
flex_axis = 1
abduction_axis = 5
rom_max = Vector3(1.3962634, 0, 0)
spring_stiffness = Vector3(0.4, 0, 0)
spring_damping = Vector3(1.8, 0, 0)
mass_fraction = 0.0005
is_left_side = true
rest_anatomical_offset = Vector3(0.004264338, 1.0336542e-08, 0.08728785)
calculated_anatomical_basis = Basis(-0.99428993, -5.5134296e-07, 0.106712684, -9.164214e-07, 1.0000001, -3.539957e-06, -0.1067127, -3.6889687e-06, -0.9942899)
use_calculated_frame = true

[sub_resource type="Resource" id="Resource_ilpl0"]
script = ExtResource("1_igw2a")
archetype = 2
flex_axis = 1
abduction_axis = 5
rom_min = Vector3(0, 0, -0.34906584)
rom_max = Vector3(1.5707964, 0, 0.34906584)
spring_stiffness = Vector3(0.4, 0, 0.4)
spring_damping = Vector3(1.8, 0, 1.8)
mass_fraction = 0.0008
is_left_side = true
rest_anatomical_offset = Vector3(-0.009585613, 2.2883087e-09, 0.10192744)
calculated_anatomical_basis = Basis(-0.9790349, -1.5497208e-06, 0.20369384, -2.2798777e-06, 1.0000002, -3.375113e-06, -0.20369382, -3.7977006e-06, -0.9790348)
use_calculated_frame = true
mirror_abd = true

[sub_resource type="Resource" id="Resource_li1yi"]
script = ExtResource("1_igw2a")
archetype = 1
flex_axis = 5
abduction_axis = 0
rom_min = Vector3(0, 0, -0.34906584)
rom_max = Vector3(2.443461, 0, 0)
spring_stiffness = Vector3(1, 0, 0)
spring_damping = Vector3(2.5, 0, 0)
mass_fraction = 0.016
is_left_side = true
rest_anatomical_offset = Vector3(0.3277197, 1.0566077e-08, 0.1352685)
calculated_anatomical_basis = Basis(-0.38153312, 2.3841858e-07, 0.9243553, 3.6589336e-07, 0.99999994, -1.1920929e-07, -0.9243552, 2.5331974e-07, -0.3815331)
use_calculated_frame = true
mirror_abd = true

[sub_resource type="Resource" id="Resource_2bn5p"]
script = ExtResource("1_igw2a")
archetype = 1
flex_axis = 4
abduction_axis = 1
rom_max = Vector3(2.3561945, 0, 0)
spring_stiffness = Vector3(1, 0, 0)
spring_damping = Vector3(2.5, 0, 0)
mass_fraction = 0.046
is_left_side = true
rest_anatomical_offset = Vector3(0.17937472, 0, 2.6728917e-09)
calculated_anatomical_basis = Basis(1.4901161e-07, -7.450581e-09, -1.0000002, -1.6763806e-08, 1.0000001, -2.9802322e-08, 1.0000001, 2.9802322e-08, 1.6391277e-07)
use_calculated_frame = true

[sub_resource type="Resource" id="Resource_npyau"]
script = ExtResource("1_igw2a")
archetype = 1
flex_axis = 1
abduction_axis = 5
rom_max = Vector3(1.3962634, 0, 0)
spring_stiffness = Vector3(0.4, 0, 0)
spring_damping = Vector3(1.8, 0, 0)
mass_fraction = 0.0003
is_left_side = true
rest_anatomical_offset = Vector3(-0.026438957, 3.7202918e-11, -0.029944794)
calculated_anatomical_basis = Basis(-0.9988536, 7.636845e-08, -0.047878195, 1.2665987e-07, 1.0000004, 2.1775486e-07, 0.04787816, 1.0948861e-07, -0.9988534)
use_calculated_frame = true

[sub_resource type="Resource" id="Resource_2q8xy"]
script = ExtResource("1_igw2a")
archetype = 1
flex_axis = 1
abduction_axis = 5
rom_min = Vector3(0, 0, -0.34906584)
rom_max = Vector3(1.3962634, 0, 0)
spring_stiffness = Vector3(0.4, 0, 0)
spring_damping = Vector3(1.8, 0, 0)
mass_fraction = 0.0005
is_left_side = true
rest_anatomical_offset = Vector3(0.055392854, -2.2140816e-10, -0.021540862)
calculated_anatomical_basis = Basis(-0.9966772, -1.4156103e-07, -0.08145652, 6.3329935e-08, 1.0000004, -1.831213e-06, 0.08145648, -1.8525752e-06, -0.99667704)
use_calculated_frame = true
mirror_abd = true

[sub_resource type="Resource" id="Resource_ybeko"]
script = ExtResource("1_igw2a")
archetype = 2
flex_axis = 1
abduction_axis = 5
rom_min = Vector3(0, 0, -0.34906584)
rom_max = Vector3(1.5707964, 0, 0.34906584)
spring_stiffness = Vector3(0.4, 0, 0.4)
spring_damping = Vector3(1.8, 0, 1.8)
mass_fraction = 0.0008
is_left_side = true
rest_anatomical_offset = Vector3(0.005883771, 4.715119e-09, 0.03760885)
calculated_anatomical_basis = Basis(-0.9941576, 2.2351742e-07, -0.10794006, 2.9802322e-07, 1.0000001, -1.2433156e-07, 0.107940026, -4.6333298e-08, -0.9941575)
use_calculated_frame = true
mirror_abd = true

[sub_resource type="Resource" id="Resource_t3dgm"]
script = ExtResource("1_igw2a")
archetype = 1
flex_axis = 1
abduction_axis = 5
rom_max = Vector3(1.3962634, 0, 0)
spring_stiffness = Vector3(0.4, 0, 0)
spring_damping = Vector3(1.8, 0, 0)
mass_fraction = 0.0003
is_left_side = true
rest_anatomical_offset = Vector3(-0.005894081, 1.6950042e-09, -0.0022792679)
calculated_anatomical_basis = Basis(-0.9997136, -2.9802322e-08, 0.023939615, 2.2351742e-08, 1.0000005, 5.1385723e-07, -0.023939624, 3.9784936e-07, -0.99971336)
use_calculated_frame = true

[sub_resource type="Resource" id="Resource_71qny"]
script = ExtResource("1_igw2a")
archetype = 1
flex_axis = 1
abduction_axis = 5
rom_min = Vector3(0, 0, -0.34906584)
rom_max = Vector3(1.3962634, 0, 0)
spring_stiffness = Vector3(0.4, 0, 0)
spring_damping = Vector3(1.8, 0, 0)
mass_fraction = 0.0005
is_left_side = true
rest_anatomical_offset = Vector3(0.038805723, 1.5135073e-09, 0.02790553)
calculated_anatomical_basis = Basis(-0.9997569, -3.501773e-07, 0.022062216, -2.719462e-07, 1.0000004, 1.3432e-06, -0.022062233, 1.2986711e-06, -0.99975675)
use_calculated_frame = true
mirror_abd = true

[sub_resource type="Resource" id="Resource_vjmcu"]
script = ExtResource("1_igw2a")
archetype = 2
flex_axis = 1
abduction_axis = 5
rom_min = Vector3(0, 0, -0.34906584)
rom_max = Vector3(1.5707964, 0, 0.34906584)
spring_stiffness = Vector3(0.4, 0, 0.4)
spring_damping = Vector3(1.8, 0, 1.8)
mass_fraction = 0.0008
is_left_side = true
rest_anatomical_offset = Vector3(0.008625535, 1.7914522e-09, 0.02528534)
calculated_anatomical_basis = Basis(-0.99886924, 3.501773e-07, 0.0475484, 4.3213367e-07, 1.0000005, 1.0635704e-06, -0.047548406, 1.0279473e-06, -0.9988691)
use_calculated_frame = true

[sub_resource type="Resource" id="Resource_xwt0j"]
script = ExtResource("1_igw2a")
archetype = 5
flex_axis = 1
abduction_axis = 5
rom_min = Vector3(-0.2617994, -0.2617994, -0.2617994)
rom_max = Vector3(0.2617994, 0.2617994, 0.2617994)
spring_stiffness = Vector3(0.95, 0.8, 0.8)
spring_damping = Vector3(2.5, 2.5, 2.5)
mass_fraction = 0.005
is_left_side = true
rest_anatomical_offset = Vector3(-0.06272957, 1.1734246e-10, -0.0058067515)
calculated_anatomical_basis = Basis(0.99977815, 5.7742e-08, 0.021071313, -8.242205e-08, 1.0000002, 1.0428193e-06, -0.021071265, -1.0573349e-06, 0.9997782)
use_calculated_frame = true
mirror_abd = true

[sub_resource type="Resource" id="Resource_kobfg"]
script = ExtResource("1_igw2a")
archetype = 1
flex_axis = 1
abduction_axis = 5
rom_min = Vector3(0, 0, -0.34906584)
rom_max = Vector3(1.3962634, 0, 0)
spring_stiffness = Vector3(0.4, 0, 0)
spring_damping = Vector3(1.8, 0, 0)
mass_fraction = 0.0004
is_left_side = true
rest_anatomical_offset = Vector3(-0.10059192, 0, -0.01764888)
calculated_anatomical_basis = Basis(-0.7843279, 5.82972e-07, 0.6203473, 4.7683716e-07, 1.0000002, -5.066395e-07, -0.62034726, -1.1920929e-07, -0.78432786)
use_calculated_frame = true

[sub_resource type="Resource" id="Resource_dsyxt"]
script = ExtResource("1_igw2a")
archetype = 2
flex_axis = 1
abduction_axis = 5
rom_min = Vector3(0, 0, -0.34906584)
rom_max = Vector3(1.5707964, 0, 0.34906584)
spring_stiffness = Vector3(0.4, 0, 0.4)
spring_damping = Vector3(1.8, 0, 1.8)
mass_fraction = 0.0008
is_left_side = true
rest_anatomical_offset = Vector3(-0.0070781573, -3.6435486e-09, -0.0033426909)
calculated_anatomical_basis = Basis(-0.9042879, 1.15569904e-07, 0.42692378, 8.046627e-07, 1.0000002, 1.2516975e-06, -0.4269238, 1.3709068e-06, -0.90428793)
use_calculated_frame = true
mirror_abd = true

[sub_resource type="Resource" id="Resource_6k7wc"]
script = ExtResource("1_igw2a")
archetype = 1
flex_axis = 1
abduction_axis = 5
rom_max = Vector3(1.3962634, 0, 0)
spring_stiffness = Vector3(0.4, 0, 0)
spring_damping = Vector3(1.8, 0, 0)
mass_fraction = 0.0006
is_left_side = true
rest_anatomical_offset = Vector3(0.18560468, 3.0668776e-09, -0.14449164)
calculated_anatomical_basis = Basis(-0.82677764, -9.657853e-08, 0.56252956, -1.1622906e-06, 1.0000001, -1.6391277e-06, -0.56252956, -2.1755695e-06, -0.8267776)
use_calculated_frame = true

[sub_resource type="Resource" id="Resource_y8ssm"]
script = ExtResource("1_igw2a")
archetype = 1
flex_axis = 1
abduction_axis = 5
rom_min = Vector3(-0.5235988, 0, 0)
rom_max = Vector3(1.3962634, 0, 0)
spring_stiffness = Vector3(0.5, 0, 0)
spring_damping = Vector3(2, 0, 0)
mass_fraction = 0.0002
is_left_side = true
rest_anatomical_offset = Vector3(0.060038432, -2.0265585e-09, 0.03192784)
calculated_anatomical_basis = Basis(-0.9997369, 2.2351742e-07, -0.022950038, 2.8312206e-07, 1.0000004, -2.9802322e-08, 0.022950143, -5.9604645e-08, -0.9997369)
use_calculated_frame = true

[sub_resource type="Resource" id="Resource_srimh"]
script = ExtResource("1_igw2a")
archetype = 1
flex_axis = 1
abduction_axis = 5
rom_min = Vector3(-0.5235988, 0, 0)
rom_max = Vector3(1.3962634, 0, 0)
spring_stiffness = Vector3(0.5, 0, 0)
spring_damping = Vector3(2, 0, 0)
mass_fraction = 0.0003
is_left_side = true
rest_anatomical_offset = Vector3(0.25779167, -3.180169e-08, 0.06863457)
calculated_anatomical_basis = Basis(-0.99995244, 2.9802322e-08, 0.009777941, -2.9802322e-08, 1.0000004, 2.3841858e-07, -0.009777874, 2.682209e-07, -0.9999525)
use_calculated_frame = true

[sub_resource type="Resource" id="Resource_18o6l"]
script = ExtResource("1_igw2a")
archetype = 2
flex_axis = 1
abduction_axis = 5
rom_min = Vector3(0, 0, -0.34906584)
rom_max = Vector3(1.5707964, 0, 0.34906584)
spring_stiffness = Vector3(0.5, 0, 0.5)
spring_damping = Vector3(2, 0, 2)
mass_fraction = 0.0005
is_left_side = true
rest_anatomical_offset = Vector3(-0.23887683, 8.7013365e-09, 0.16787915)
calculated_anatomical_basis = Basis(-0.99948245, -3.5762787e-07, 0.032169815, -3.874302e-07, 1.0000001, -1.3411045e-07, -0.032169715, -2.0861626e-07, -0.9994822)
use_calculated_frame = true
mirror_abd = true

[sub_resource type="Resource" id="Resource_1kk5w"]
script = ExtResource("1_igw2a")
archetype = 1
flex_axis = 1
abduction_axis = 5
rom_min = Vector3(-0.5235988, 0, 0)
rom_max = Vector3(1.3962634, 0, 0)
spring_stiffness = Vector3(0.5, 0, 0)
spring_damping = Vector3(2, 0, 0)
mass_fraction = 0.0002
is_left_side = true
rest_anatomical_offset = Vector3(0.055428304, -1.717302e-09, 0.01575194)
calculated_anatomical_basis = Basis(-0.994783, 1.7881393e-07, -0.102015994, 1.1920929e-07, 1.0000004, 8.940697e-08, 0.10201609, 0, -0.9947831)
use_calculated_frame = true

[sub_resource type="Resource" id="Resource_wdjlr"]
script = ExtResource("1_igw2a")
archetype = 1
flex_axis = 1
abduction_axis = 5
rom_min = Vector3(-0.5235988, 0, 0)
rom_max = Vector3(1.3962634, 0, 0)
spring_stiffness = Vector3(0.5, 0, 0)
spring_damping = Vector3(2, 0, 0)
mass_fraction = 0.0003
is_left_side = true
rest_anatomical_offset = Vector3(0.120039426, 0, 0.08144053)
calculated_anatomical_basis = Basis(-0.9981252, -1.3113022e-06, -0.06120859, -1.3113022e-06, 1.0000004, -8.6426735e-07, 0.061208703, -8.046627e-07, -0.99812514)
use_calculated_frame = true
mirror_abd = true

[sub_resource type="Resource" id="Resource_bas1x"]
script = ExtResource("1_igw2a")
archetype = 2
flex_axis = 1
abduction_axis = 5
rom_min = Vector3(0, 0, -0.34906584)
rom_max = Vector3(1.5707964, 0, 0.34906584)
spring_stiffness = Vector3(0.5, 0, 0.5)
spring_damping = Vector3(2, 0, 2)
mass_fraction = 0.0005
is_left_side = true
rest_anatomical_offset = Vector3(-0.1441696, 1.1828131e-08, 0.1363627)
calculated_anatomical_basis = Basis(-0.99925315, 2.3841858e-07, -0.03864529, 2.0861626e-07, 1, -2.682209e-07, 0.038645394, -4.172325e-07, -0.9992531)
use_calculated_frame = true
mirror_abd = true

[sub_resource type="Resource" id="Resource_mbw12"]
script = ExtResource("1_igw2a")
archetype = 1
flex_axis = 1
abduction_axis = 5
rom_min = Vector3(-0.5235988, 0, 0)
rom_max = Vector3(1.3962634, 0, 0)
spring_stiffness = Vector3(0.5, 0, 0)
spring_damping = Vector3(2, 0, 0)
mass_fraction = 0.0002
is_left_side = true
rest_anatomical_offset = Vector3(0.07102463, -1.060181e-09, -0.0041801813)
calculated_anatomical_basis = Basis(-0.98892015, 8.940697e-08, -0.14844902, 0, 0.99999964, 1.1920929e-07, 0.14844911, 5.9604645e-08, -0.98891985)
use_calculated_frame = true

[sub_resource type="Resource" id="Resource_03elu"]
script = ExtResource("1_igw2a")
archetype = 1
flex_axis = 1
abduction_axis = 5
rom_min = Vector3(-0.5235988, 0, 0)
rom_max = Vector3(1.3962634, 0, 0)
spring_stiffness = Vector3(0.5, 0, 0)
spring_damping = Vector3(2, 0, 0)
mass_fraction = 0.0003
is_left_side = true
rest_anatomical_offset = Vector3(0.10831201, 9.954054e-09, -0.025764577)
calculated_anatomical_basis = Basis(-0.97847015, 1.1920929e-06, -0.20638882, 8.34465e-07, 0.99999976, 1.3113022e-06, 0.20638888, 9.834766e-07, -0.9784699)
use_calculated_frame = true

[sub_resource type="Resource" id="Resource_3eel6"]
script = ExtResource("1_igw2a")
archetype = 2
flex_axis = 1
abduction_axis = 5
rom_min = Vector3(0, 0, -0.34906584)
rom_max = Vector3(1.5707964, 0, 0.34906584)
spring_stiffness = Vector3(0.5, 0, 0.5)
spring_damping = Vector3(2, 0, 2)
mass_fraction = 0.0005
is_left_side = true
rest_anatomical_offset = Vector3(0.010960415, 5.8814313e-09, -0.098063424)
calculated_anatomical_basis = Basis(-0.9769532, 2.6524067e-06, -0.21345346, 2.4735928e-06, 0.9999997, 4.7683716e-07, 0.2134535, -1.4901161e-07, -0.976953)
use_calculated_frame = true
mirror_abd = true

[sub_resource type="Resource" id="Resource_thfmo"]
script = ExtResource("1_igw2a")
archetype = 1
flex_axis = 1
abduction_axis = 5
rom_min = Vector3(-0.5235988, 0, 0)
rom_max = Vector3(1.3962634, 0, 0)
spring_stiffness = Vector3(0.5, 0, 0)
spring_damping = Vector3(2, 0, 0)
mass_fraction = 0.0002
is_left_side = true
rest_anatomical_offset = Vector3(-0.017776946, -5.901252e-10, -0.008721938)
calculated_anatomical_basis = Basis(-0.9125426, -1.6391277e-07, -0.4089822, -3.548339e-07, 1.0000002, 2.9802322e-08, 0.40898216, 1.1920929e-07, -0.91254234)
use_calculated_frame = true

[sub_resource type="Resource" id="Resource_yaggl"]
script = ExtResource("1_igw2a")
archetype = 1
flex_axis = 1
abduction_axis = 5
rom_min = Vector3(-0.5235988, 0, 0)
rom_max = Vector3(1.3962634, 0, 0)
spring_stiffness = Vector3(0.5, 0, 0)
spring_damping = Vector3(2, 0, 0)
mass_fraction = 0.0003
is_left_side = true
rest_anatomical_offset = Vector3(0.15694554, 3.0460896e-08, 0.30239728)
calculated_anatomical_basis = Basis(-0.92647004, -4.157424e-06, -0.37636936, -3.5436824e-06, 1.0000002, -2.7418137e-06, 0.37636933, -1.1622906e-06, -0.9264697)
use_calculated_frame = true

[sub_resource type="Resource" id="Resource_sh7ah"]
script = ExtResource("1_igw2a")
archetype = 2
flex_axis = 1
abduction_axis = 5
rom_min = Vector3(0, 0, -0.34906584)
rom_max = Vector3(1.5707964, 0, 0.34906584)
spring_stiffness = Vector3(0.5, 0, 0.5)
spring_damping = Vector3(2, 0, 2)
mass_fraction = 0.0005
is_left_side = true
rest_anatomical_offset = Vector3(-0.032462634, 1.1364771e-08, -0.18788542)
calculated_anatomical_basis = Basis(-0.98419714, 1.4901161e-07, -0.17707649, 8.940697e-08, 1, 1.4901161e-07, 0.17707653, 1.4901161e-07, -0.9841971)
use_calculated_frame = true
mirror_abd = true

[sub_resource type="Resource" id="Resource_vp57u"]
script = ExtResource("1_igw2a")
archetype = 1
flex_axis = 1
abduction_axis = 5
rom_max = Vector3(1.3962634, 0, 0)
spring_stiffness = Vector3(0.5, 0, 0)
spring_damping = Vector3(2, 0, 0)
mass_fraction = 0.0048
is_left_side = true
rest_anatomical_offset = Vector3(0.0018570042, -4.654227e-09, 0.040941514)
calculated_anatomical_basis = Basis(-0.9972732, 1.0058284e-07, 0.07380246, 1.2293458e-07, 1, 5.343463e-07, -0.0738024, 3.6423444e-07, -0.99727297)
use_calculated_frame = true

[sub_resource type="Resource" id="Resource_yomct"]
script = ExtResource("1_igw2a")
archetype = 0
flex_axis = 5
abduction_axis = 0
rom_min = Vector3(-0.87266463, -1.3089969, -0.87266463)
rom_max = Vector3(3.1415927, 1.3089969, 3.1415927)
spring_stiffness = Vector3(1.2, 1.5, 1.5)
spring_damping = Vector3(2.7, 3, 3)
mass_fraction = 0.027
is_left_side = true
rest_anatomical_offset = Vector3(-0.02529658, 2.642752e-09, 0.7089572)
calculated_anatomical_basis = Basis(-0.36495718, -3.3527613e-08, 0.9310244, -8.7195076e-08, 1, -5.2154064e-08, -0.9310245, -8.1025064e-08, -0.3649571)
use_calculated_frame = true

[sub_resource type="Resource" id="Resource_uhbpt"]
script = ExtResource("1_igw2a")
archetype = 0
flex_axis = 5
abduction_axis = 0
rom_min = Vector3(-0.5235988, -0.7853982, -0.43633232)
rom_max = Vector3(2.0943952, 0.7853982, 0.7853982)
spring_stiffness = Vector3(2, 2, 2)
spring_damping = Vector3(3.5, 3.5, 3.5)
mass_fraction = 0.1
is_left_side = true
rest_anatomical_offset = Vector3(0.059178185, 0, 0.12862869)
calculated_anatomical_basis = Basis(-0.17848212, 7.450581e-09, 0.9839433, -1.9630534e-08, 1.0000001, -1.8626451e-08, -0.9839432, -2.6077032e-08, -0.17848215)
use_calculated_frame = true

[sub_resource type="Resource" id="Resource_gr36y"]
script = ExtResource("1_igw2a")
archetype = 4
flex_axis = 1
abduction_axis = 5
rom_min = Vector3(-0.17453292, -0.17453292, -0.17453292)
rom_max = Vector3(0.17453292, 0.17453292, 0.17453292)
spring_stiffness = Vector3(1.5, 1.5, 1.5)
spring_damping = Vector3(3, 3, 3)
mass_fraction = 0.015
rest_anatomical_offset = Vector3(0.0771699, 2.996645e-16, -2.079047e-09)
calculated_anatomical_basis = Basis(1.0000001, 3.1974423e-14, 2.1147893e-07, -4.8201443e-12, 1.0000002, 0, -2.1152132e-07, 2.9802322e-08, 1.0000001)
use_calculated_frame = true

[sub_resource type="Resource" id="Resource_yblou"]
script = ExtResource("1_igw2a")
archetype = 1
flex_axis = 1
abduction_axis = 5
rom_min = Vector3(-0.5235988, 0, 0)
rom_max = Vector3(1.3962634, 0, 0)
spring_stiffness = Vector3(0.5, 0, 0)
spring_damping = Vector3(2, 0, 0)
mass_fraction = 0.0005
rest_anatomical_offset = Vector3(0.069843076, -4.6778754e-09, 0.104354985)
calculated_anatomical_basis = Basis(-0.9998919, 5.9604645e-08, -0.014680341, 1.1920929e-07, 0.9999998, 2.0861626e-07, 0.014680389, -1.4901161e-08, -0.9998923)
use_calculated_frame = true
mirror_abd = true

[sub_resource type="Resource" id="Resource_x774u"]
script = ExtResource("1_igw2a")
archetype = 2
flex_axis = 1
abduction_axis = 5
rom_min = Vector3(0, 0, -0.34906584)
rom_max = Vector3(1.5707964, 0, 0.34906584)
spring_stiffness = Vector3(0.5, 0, 0.5)
spring_damping = Vector3(2, 0, 2)
mass_fraction = 0.0008
rest_anatomical_offset = Vector3(-0.33692896, 1.1121234e-08, 0.16041285)
calculated_anatomical_basis = Basis(-0.99999946, 9.983778e-07, -0.00063823164, 1.0281801e-06, 0.99999976, 4.0978193e-07, 0.00063830055, 2.5331974e-07, -0.99999994)
use_calculated_frame = true

[sub_resource type="Resource" id="Resource_ljfrw"]
script = ExtResource("1_igw2a")
archetype = 1
flex_axis = 1
abduction_axis = 5
rom_max = Vector3(1.3962634, 0, 0)
spring_stiffness = Vector3(0.4, 0, 0)
spring_damping = Vector3(1.8, 0, 0)
mass_fraction = 0.0003
rest_anatomical_offset = Vector3(-0.005911803, -4.722379e-11, 0.0022856654)
calculated_anatomical_basis = Basis(-0.99971366, 7.0780516e-08, -0.023939814, 4.8428774e-08, 1.0000005, 2.324814e-07, 0.02393983, 1.3038516e-08, -0.9997136)
use_calculated_frame = true

[sub_resource type="Resource" id="Resource_2wx4k"]
script = ExtResource("1_igw2a")
archetype = 2
flex_axis = 1
abduction_axis = 5
rom_min = Vector3(-0.2617994, 0, -0.34906584)
rom_max = Vector3(0.6981317, 0, 0.34906584)
spring_stiffness = Vector3(1.2, 0, 1.2)
spring_damping = Vector3(2.8, 0, 2.8)
mass_fraction = 0.012
rest_anatomical_offset = Vector3(-0.4483662, -1.536377e-09, 0.23794316)
calculated_anatomical_basis = Basis(0.9999977, -2.5331974e-07, -0.0019786134, 2.682209e-07, 0.9999999, -2.682209e-07, 0.001978524, -8.940697e-08, 0.999998)
use_calculated_frame = true
mirror_abd = true

[sub_resource type="Resource" id="Resource_15d27"]
script = ExtResource("1_igw2a")
archetype = 2
flex_axis = 1
abduction_axis = 5
rom_min = Vector3(-0.9599311, 0, -0.2617994)
rom_max = Vector3(0.9599311, 0, 0.61086524)
spring_stiffness = Vector3(1.2, 0, 1.2)
spring_damping = Vector3(2.8, 0, 2.8)
mass_fraction = 0.004
rest_anatomical_offset = Vector3(0.11429098, -1.37431915e-08, 0.17012772)
calculated_anatomical_basis = Basis(-0.9890031, 9.685755e-08, 0.1478965, 1.3411045e-07, 1.0000001, 1.3690442e-07, -0.14789647, -1.792796e-08, -0.98900306)
use_calculated_frame = true

[sub_resource type="Resource" id="Resource_wdnwa"]
script = ExtResource("1_igw2a")
archetype = 1
flex_axis = 1
abduction_axis = 5
rom_max = Vector3(1.3962634, 0, 0)
spring_stiffness = Vector3(0.4, 0, 0)
spring_damping = Vector3(1.8, 0, 0)
mass_fraction = 0.0003
rest_anatomical_offset = Vector3(0.0018570042, -4.654227e-09, 0.040941514)
calculated_anatomical_basis = Basis(-0.9972732, 1.0058284e-07, 0.07380246, 1.2293458e-07, 1, 5.343463e-07, -0.0738024, 3.6423444e-07, -0.99727297)
use_calculated_frame = true

[sub_resource type="Resource" id="Resource_018qj"]
script = ExtResource("1_igw2a")
archetype = 1
flex_axis = 1
abduction_axis = 5
rom_min = Vector3(-0.5235988, -0.7853982, -0.43633232)
rom_max = Vector3(1.3962634, 0, 0)
spring_stiffness = Vector3(0.4, 0, 0)
spring_damping = Vector3(1.8, 0, 0)
mass_fraction = 0.0005
is_left_side = true
rest_anatomical_offset = Vector3(0.069034725, -6.062499e-09, 0.11672983)
calculated_anatomical_basis = Basis(-0.99231803, 1.7136335e-07, 0.123716876, -7.450581e-09, 1.0000001, -1.354143e-06, -0.12371679, -1.4264951e-06, -0.9923177)
use_calculated_frame = true

[sub_resource type="Resource" id="Resource_ixptl"]
script = ExtResource("1_igw2a")
archetype = 2
flex_axis = 1
abduction_axis = 5
rom_min = Vector3(0, 0, -0.34906584)
rom_max = Vector3(1.5707964, 0, 0.34906584)
spring_stiffness = Vector3(0.4, 0, 0.4)
spring_damping = Vector3(1.8, 0, 1.8)
mass_fraction = 0.0008
is_left_side = true
rest_anatomical_offset = Vector3(0.009786449, 1.33281315e-08, 0.12298167)
calculated_anatomical_basis = Basis(-0.9690182, -1.4901161e-07, 0.2469907, -9.0897083e-07, 1.0000002, -3.2112002e-06, -0.24699059, -3.3904798e-06, -0.9690181)
use_calculated_frame = true

[sub_resource type="Resource" id="Resource_kir2g"]
script = ExtResource("1_igw2a")
archetype = 1
flex_axis = 1
abduction_axis = 5
rom_min = Vector3(-0.2617994, 0, -0.34906584)
rom_max = Vector3(1.3962634, 0, 0)
spring_stiffness = Vector3(0.4, 0, 0)
spring_damping = Vector3(1.8, 0, 0)
mass_fraction = 0.0003
is_left_side = true
rest_anatomical_offset = Vector3(-0.01842826, -2.0668862e-09, -0.01721669)
calculated_anatomical_basis = Basis(-0.9965338, 2.9802322e-08, -0.08319244, -9.685755e-08, 1.0000004, 1.1380762e-06, 0.083192416, 9.810319e-07, -0.99653375)
use_calculated_frame = true

[sub_resource type="Resource" id="Resource_vesjk"]
script = ExtResource("1_igw2a")
archetype = 1
flex_axis = 1
abduction_axis = 5
rom_max = Vector3(1.3962634, 0, 0)
spring_stiffness = Vector3(0.4, 0, 0)
spring_damping = Vector3(1.8, 0, 0)
mass_fraction = 0.0005
is_left_side = true
rest_anatomical_offset = Vector3(0.004271845, 4.1507655e-09, -0.087284744)
calculated_anatomical_basis = Basis(-0.99429035, -9.685755e-08, -0.106711924, 6.7055225e-08, 1.0000002, -1.9008294e-06, 0.1067119, -2.0517036e-06, -0.9942902)
use_calculated_frame = true

[sub_resource type="Resource" id="Resource_l57qe"]
script = ExtResource("1_igw2a")
archetype = 2
flex_axis = 1
abduction_axis = 5
rom_min = Vector3(0, 0, -0.34906584)
rom_max = Vector3(1.5707964, 0, 0.34906584)
spring_stiffness = Vector3(0.4, 0, 0.4)
spring_damping = Vector3(1.8, 0, 1.8)
mass_fraction = 0.0008
rest_anatomical_offset = Vector3(-0.009593907, -3.4326586e-09, 0.10193254)
calculated_anatomical_basis = Basis(-0.979036, -1.3113022e-06, -0.20368841, -2.488494e-06, 1.0000001, 5.353242e-06, 0.2036884, 5.7690777e-06, -0.979036)
use_calculated_frame = true
mirror_abd = true

[sub_resource type="Resource" id="Resource_oi08f"]
script = ExtResource("1_igw2a")
archetype = 1
flex_axis = 4
abduction_axis = 1
rom_max = Vector3(2.443461, 0, 0)
spring_stiffness = Vector3(1, 0, 0)
spring_damping = Vector3(2.5, 0, 0)
mass_fraction = 0.016
rest_anatomical_offset = Vector3(0.32771948, 3.16982e-08, -0.13526793)
calculated_anatomical_basis = Basis(-0.38153318, -8.940697e-08, -0.9243554, 2.2014137e-07, 1.0000001, -8.940697e-08, 0.92435545, -2.9802322e-07, -0.38153324)
use_calculated_frame = true

[sub_resource type="Resource" id="Resource_n7fid"]
script = ExtResource("1_igw2a")
archetype = 1
flex_axis = 5
abduction_axis = 0
rom_min = Vector3(-0.2617994, 0, -0.34906584)
rom_max = Vector3(2.3561945, 0, 0)
spring_stiffness = Vector3(1, 0, 0)
spring_damping = Vector3(2.5, 0, 0)
mass_fraction = 0.046
rest_anatomical_offset = Vector3(0.17937472, 3.3411146e-10, -2.6728917e-09)
calculated_anatomical_basis = Basis(8.6426735e-07, -1.4901161e-08, 0.9999998, 7.450581e-09, 1.0000001, -1.3411045e-07, -0.9999997, -3.7252903e-09, 8.791685e-07)
use_calculated_frame = true
mirror_abd = true

[sub_resource type="Resource" id="Resource_g2cbg"]
script = ExtResource("1_igw2a")
archetype = 1
flex_axis = 1
abduction_axis = 5
rom_max = Vector3(1.3962634, 0, 0)
spring_stiffness = Vector3(0.4, 0, 0)
spring_damping = Vector3(1.8, 0, 0)
mass_fraction = 0.0003
rest_anatomical_offset = Vector3(-0.026434349, 5.2080196e-10, 0.029944876)
calculated_anatomical_basis = Basis(-0.9988537, -6.519258e-08, 0.047877934, -2.4214387e-08, 1.0000001, 1.1215452e-06, -0.047877874, 1.0366493e-06, -0.9988535)
use_calculated_frame = true

[sub_resource type="Resource" id="Resource_8u8rm"]
script = ExtResource("1_igw2a")
archetype = 1
flex_axis = 1
abduction_axis = 5
rom_min = Vector3(0, 0, -0.34906584)
rom_max = Vector3(1.3962634, 0, 0)
spring_stiffness = Vector3(0.4, 0, 0)
spring_damping = Vector3(1.8, 0, 0)
mass_fraction = 0.0005
is_left_side = true
rest_anatomical_offset = Vector3(0.055381328, 3.3205056e-09, 0.021540033)
calculated_anatomical_basis = Basis(-0.9966774, -6.7055225e-08, 0.08145596, 2.5331974e-07, 1.0000001, 3.9106235e-06, -0.081455894, 3.8714497e-06, -0.99667716)
use_calculated_frame = true
mirror_abd = true

[sub_resource type="Resource" id="Resource_yhu21"]
script = ExtResource("1_igw2a")
archetype = 2
flex_axis = 1
abduction_axis = 5
rom_min = Vector3(0, 0, -0.34906584)
rom_max = Vector3(1.5707964, 0, 0.34906584)
spring_stiffness = Vector3(0.4, 0, 0.4)
spring_damping = Vector3(1.8, 0, 1.8)
mass_fraction = 0.0008
is_left_side = true
rest_anatomical_offset = Vector3(0.0058889063, 1.5245625e-09, 0.037611216)
calculated_anatomical_basis = Basis(-0.9941579, 3.1292439e-07, 0.10793969, -6.7055225e-08, 1.0000002, -3.6498532e-06, -0.107939616, -3.758585e-06, -0.9941577)
use_calculated_frame = true

[sub_resource type="Resource" id="Resource_jlwol"]
script = ExtResource("1_igw2a")
archetype = 1
flex_axis = 1
abduction_axis = 5
rom_min = Vector3(0, 0, -0.34906584)
rom_max = Vector3(1.3962634, 0, 0)
spring_stiffness = Vector3(0.4, 0, 0)
spring_damping = Vector3(1.8, 0, 0)
mass_fraction = 0.0003
is_left_side = true
rest_anatomical_offset = Vector3(-0.005911803, -4.722379e-11, 0.0022856654)
calculated_anatomical_basis = Basis(-0.99971366, 7.0780516e-08, -0.023939814, 4.8428774e-08, 1.0000005, 2.324814e-07, 0.02393983, 1.3038516e-08, -0.9997136)
use_calculated_frame = true
mirror_abd = true

[sub_resource type="Resource" id="Resource_dglje"]
script = ExtResource("1_igw2a")
archetype = 1
flex_axis = 1
abduction_axis = 5
rom_min = Vector3(-0.5235988, 0, 0)
rom_max = Vector3(1.3962634, 0, 0)
spring_stiffness = Vector3(0.4, 0, 0)
spring_damping = Vector3(1.8, 0, 0)
mass_fraction = 0.0005
is_left_side = true
rest_anatomical_offset = Vector3(0.038808074, -7.122759e-10, -0.027906563)
calculated_anatomical_basis = Basis(-0.9997569, 1.3411045e-07, -0.022062153, 1.2665987e-07, 1.0000004, -4.1956082e-07, 0.022062168, -5.7931175e-07, -0.99975675)
use_calculated_frame = true

[sub_resource type="Resource" id="Resource_mln5e"]
script = ExtResource("1_igw2a")
archetype = 2
flex_axis = 1
abduction_axis = 5
rom_min = Vector3(0, 0, -0.34906584)
rom_max = Vector3(1.5707964, 0, 0.34906584)
spring_stiffness = Vector3(0.4, 0, 0.4)
spring_damping = Vector3(1.8, 0, 1.8)
mass_fraction = 0.0008
is_left_side = true
rest_anatomical_offset = Vector3(0.008627257, 2.5376787e-09, 0.025282403)
calculated_anatomical_basis = Basis(-0.9988692, -2.6077032e-07, -0.047548514, -2.9802322e-07, 1.0000002, 9.639189e-08, 0.047548532, -1.268927e-08, -0.9988692)
use_calculated_frame = true
mirror_abd = true

[sub_resource type="Resource" id="Resource_dbeys"]
script = ExtResource("1_igw2a")
archetype = 5
flex_axis = 1
abduction_axis = 5
rom_min = Vector3(-0.2617994, -0.2617994, -0.2617994)
rom_max = Vector3(0.2617994, 0.2617994, 0.2617994)
spring_stiffness = Vector3(0.95, 0.8, 0.8)
spring_damping = Vector3(2.5, 2.5, 2.5)
mass_fraction = 0.005
is_left_side = true
rest_anatomical_offset = Vector3(-0.0627286, 2.9335173e-11, -0.005806892)
calculated_anatomical_basis = Basis(0.9997782, -4.8428774e-08, -0.021071274, 5.075708e-08, 1.0000002, 3.6041456e-08, 0.02107125, -4.5707566e-08, 0.9997782)
use_calculated_frame = true
mirror_abd = true

[sub_resource type="Resource" id="Resource_4ls45"]
script = ExtResource("1_igw2a")
archetype = 1
flex_axis = 1
abduction_axis = 5
rom_min = Vector3(-0.5235988, 0, 0)
rom_max = Vector3(1.3962634, 0, 0)
spring_stiffness = Vector3(0.4, 0, 0)
spring_damping = Vector3(1.8, 0, 0)
mass_fraction = 0.0004
is_left_side = true
rest_anatomical_offset = Vector3(-0.10059257, -1.5218498e-08, 0.017651998)
calculated_anatomical_basis = Basis(-0.7843276, -9.343977e-07, -0.62034714, -6.556511e-07, 1.0000002, -5.9604645e-07, 0.6203472, 5.9604645e-08, -0.78432775)
use_calculated_frame = true

[sub_resource type="Resource" id="Resource_7mndj"]
script = ExtResource("1_igw2a")
archetype = 2
flex_axis = 1
abduction_axis = 5
rom_min = Vector3(0, 0, -0.34906584)
rom_max = Vector3(1.5707964, 0, 0.34906584)
spring_stiffness = Vector3(0.4, 0, 0.4)
spring_damping = Vector3(1.8, 0, 1.8)
mass_fraction = 0.0008
is_left_side = true
rest_anatomical_offset = Vector3(-0.0070753037, 1.1196111e-08, -0.0033487263)
calculated_anatomical_basis = Basis(-0.9042879, -3.1246423e-06, -0.4269234, -1.6540289e-06, 1.0000001, -3.784895e-06, 0.42692333, -2.6226044e-06, -0.90428793)
use_calculated_frame = true

[sub_resource type="Resource" id="Resource_oypoo"]
script = ExtResource("1_igw2a")
archetype = 1
flex_axis = 1
abduction_axis = 5
rom_min = Vector3(0, 0, -0.34906584)
rom_max = Vector3(1.3962634, 0, 0)
spring_stiffness = Vector3(0.4, 0, 0)
spring_damping = Vector3(1.8, 0, 0)
mass_fraction = 0.0006
is_left_side = true
rest_anatomical_offset = Vector3(0.18560117, -3.3296804e-08, 0.14448777)
calculated_anatomical_basis = Basis(-0.82677984, -3.329149e-06, -0.562526, -2.115965e-06, 1.0000001, -2.7120113e-06, 0.5625259, -1.1324883e-06, -0.82677984)
use_calculated_frame = true
mirror_abd = true

[sub_resource type="Resource" id="Resource_4s1xe"]
script = ExtResource("1_igw2a")
archetype = 1
flex_axis = 1
abduction_axis = 5
rom_min = Vector3(-0.5235988, 0, 0)
rom_max = Vector3(1.3962634, 0, 0)
spring_stiffness = Vector3(0.5, 0, 0)
spring_damping = Vector3(2, 0, 0)
mass_fraction = 0.0002
is_left_side = true
rest_anatomical_offset = Vector3(0.06003734, 6.0795182e-09, -0.031926174)
calculated_anatomical_basis = Basis(-0.9997364, -3.7252903e-07, 0.022949807, -4.0233135e-07, 1, 2.682209e-07, -0.02294974, 2.9802322e-08, -0.9997366)
use_calculated_frame = true

[sub_resource type="Resource" id="Resource_ftlpl"]
script = ExtResource("1_igw2a")
archetype = 1
flex_axis = 1
abduction_axis = 5
rom_min = Vector3(-0.5235988, 0, 0)
rom_max = Vector3(1.3962634, 0, 0)
spring_stiffness = Vector3(0.5, 0, 0)
spring_damping = Vector3(2, 0, 0)
mass_fraction = 0.0003
is_left_side = true
rest_anatomical_offset = Vector3(0.2577914, 2.3851246e-08, -0.068634845)
calculated_anatomical_basis = Basis(-0.9999517, -1.2814999e-06, -0.009777702, -1.2516975e-06, 1, 4.7683716e-07, 0.009777784, 2.0861626e-07, -0.9999522)
use_calculated_frame = true

[sub_resource type="Resource" id="Resource_iw6et"]
script = ExtResource("1_igw2a")
archetype = 2
flex_axis = 1
abduction_axis = 5
rom_min = Vector3(0, 0, -0.34906584)
rom_max = Vector3(1.5707964, 0, 0.34906584)
spring_stiffness = Vector3(0.5, 0, 0.5)
spring_damping = Vector3(2, 0, 2)
mass_fraction = 0.0005
is_left_side = true
rest_anatomical_offset = Vector3(-0.2388771, 0, 0.16787806)
calculated_anatomical_basis = Basis(-0.999482, -4.4703484e-07, -0.03216984, -3.5762787e-07, 0.9999999, 1.0430813e-07, 0.032169886, -1.0430813e-07, -0.99948233)
use_calculated_frame = true
