[gd_resource type="SkeletonProfile" format=3 uid="uid://rg3ijt2qcbar"]

[ext_resource type="Texture2D" path="res://addons/marionette/textures/BoneMapHumanBody.svg" id="1_body"]
[ext_resource type="Texture2D" path="res://addons/marionette/textures/BoneMapHumanFace.svg" id="2_face"]
[ext_resource type="Texture2D" path="res://addons/marionette/textures/BoneMapHumanLeftHand.svg" id="3_lefthand"]
[ext_resource type="Texture2D" path="res://addons/marionette/textures/BoneMapHumanRightHand.svg" id="4_righthand"]
[ext_resource type="Texture2D" path="res://addons/marionette/textures/BoneMapHumanLeftFoot.svg" id="5_leftfoot"]
[ext_resource type="Texture2D" path="res://addons/marionette/textures/BoneMapHumanRightFoot.svg" id="6_rightfoot"]

[resource]
group_size = 6
bone_size = 84
groups/0/group_name = &"Body"
groups/0/texture = ExtResource("1_body")
groups/1/group_name = &"Face"
groups/1/texture = ExtResource("2_face")
groups/2/group_name = &"LeftHand"
groups/2/texture = ExtResource("3_lefthand")
groups/3/group_name = &"RightHand"
groups/3/texture = ExtResource("4_righthand")
groups/4/group_name = &"LeftFoot"
groups/4/texture = ExtResource("5_leftfoot")
groups/5/group_name = &"RightFoot"
groups/5/texture = ExtResource("6_rightfoot")
bones/0/bone_name = &"Root"
bones/0/bone_parent = &""
bones/0/tail_direction = 0
bones/0/reference_pose = Transform3D(1, 0, 0, 0, 1, 0, 0, 0, 1, 0, 0, 0)
bones/0/handle_offset = Vector2(0.5, 0.91)
bones/0/group = &"Body"
bones/0/require = false
bones/1/bone_name = &"Hips"
bones/1/bone_parent = &"Root"
bones/1/tail_direction = 1
bones/1/bone_tail = &"Spine"
bones/1/reference_pose = Transform3D(1, 0, 0, 0, 1, 0, 0, 0, 1, 0, 0.75, 0)
bones/1/handle_offset = Vector2(0.5, 0.5)
bones/1/group = &"Body"
bones/1/require = true
bones/2/bone_name = &"Spine"
bones/2/bone_parent = &"Hips"
bones/2/tail_direction = 0
bones/2/reference_pose = Transform3D(1, 0, 0, 0, 1, 0, 0, 0, 1, 0, 0.1, 0)
bones/2/handle_offset = Vector2(0.5, 0.43)
bones/2/group = &"Body"
bones/2/require = true
bones/3/bone_name = &"Chest"
bones/3/bone_parent = &"Spine"
bones/3/tail_direction = 0
bones/3/reference_pose = Transform3D(1, 0, 0, 0, 1, 0, 0, 0, 1, 0, 0.1, 0)
bones/3/handle_offset = Vector2(0.5, 0.36)
bones/3/group = &"Body"
bones/3/require = false
bones/4/bone_name = &"UpperChest"
bones/4/bone_parent = &"Chest"
bones/4/tail_direction = 0
bones/4/reference_pose = Transform3D(1, 0, 0, 0, 1, 0, 0, 0, 1, 0, 0.1, 0)
bones/4/handle_offset = Vector2(0.5, 0.29)
bones/4/group = &"Body"
bones/4/require = false
bones/5/bone_name = &"Neck"
bones/5/bone_parent = &"UpperChest"
bones/5/tail_direction = 1
bones/5/bone_tail = &"Head"
bones/5/reference_pose = Transform3D(1, 0, 0, 0, 1, 0, 0, 0, 1, 0, 0.1, 0)
bones/5/handle_offset = Vector2(0.5, 0.23)
bones/5/group = &"Body"
bones/5/require = false
bones/6/bone_name = &"Head"
bones/6/bone_parent = &"Neck"
bones/6/tail_direction = 2
bones/6/reference_pose = Transform3D(1, 0, 0, 0, 1, 0, 0, 0, 1, 0, 0.1, 0)
bones/6/handle_offset = Vector2(0.5, 0.18)
bones/6/group = &"Body"
bones/6/require = true
bones/7/bone_name = &"LeftEye"
bones/7/bone_parent = &"Head"
bones/7/tail_direction = 0
bones/7/reference_pose = Transform3D(1, 0, 0, 0, 0, -1, 0, 1, 0, 0.05, 0.15, 0)
bones/7/handle_offset = Vector2(0.6, 0.46)
bones/7/group = &"Face"
bones/7/require = false
bones/8/bone_name = &"RightEye"
bones/8/bone_parent = &"Head"
bones/8/tail_direction = 0
bones/8/reference_pose = Transform3D(1, 0, 0, 0, 0, -1, 0, 1, 0, -0.05, 0.15, 0)
bones/8/handle_offset = Vector2(0.37, 0.46)
bones/8/group = &"Face"
bones/8/require = false
bones/9/bone_name = &"Jaw"
bones/9/bone_parent = &"Head"
bones/9/tail_direction = 0
bones/9/reference_pose = Transform3D(-1, 0, 0, 0, 0, 1, 0, 1, 0, 0, 0.05, 0.05)
bones/9/handle_offset = Vector2(0.46, 0.75)
bones/9/group = &"Face"
bones/9/require = false
bones/10/bone_name = &"LeftShoulder"
bones/10/bone_parent = &"UpperChest"
bones/10/tail_direction = 0
bones/10/reference_pose = Transform3D(0, 1, 0, 0, 0, 1, 1, 0, 0, 0.05, 0.1, 0)
bones/10/handle_offset = Vector2(0.55, 0.235)
bones/10/group = &"Body"
bones/10/require = true
bones/11/bone_name = &"LeftUpperArm"
bones/11/bone_parent = &"LeftShoulder"
bones/11/tail_direction = 0
bones/11/reference_pose = Transform3D(-1, 0, 0, 0, 1, 0, 0, 0, -1, 0, 0.05, 0)
bones/11/handle_offset = Vector2(0.6, 0.24)
bones/11/group = &"Body"
bones/11/require = true
bones/12/bone_name = &"LeftLowerArm"
bones/12/bone_parent = &"LeftUpperArm"
bones/12/tail_direction = 0
bones/12/reference_pose = Transform3D(0, 0, -1, 0, 1, 0, 1, 0, 0, 0, 0.25, 0)
bones/12/handle_offset = Vector2(0.7, 0.24)
bones/12/group = &"Body"
bones/12/require = true
bones/13/bone_name = &"LeftHand"
bones/13/bone_parent = &"LeftLowerArm"
bones/13/tail_direction = 1
bones/13/bone_tail = &"LeftMiddleProximal"
bones/13/reference_pose = Transform3D(0, 0, 1, 0, 1, 0, -1, 0, 0, 0, 0.25, 0)
bones/13/handle_offset = Vector2(0.82, 0.235)
bones/13/group = &"Body"
bones/13/require = true
bones/14/bone_name = &"LeftThumbMetacarpal"
bones/14/bone_parent = &"LeftHand"
bones/14/tail_direction = 0
bones/14/reference_pose = Transform3D(0, -0.577, 0.816, 0, 0.816, 0.577, -1, 0, 0, -0.025, 0.025, 0)
bones/14/handle_offset = Vector2(0.4, 0.8)
bones/14/group = &"LeftHand"
bones/14/require = false
bones/15/bone_name = &"LeftThumbProximal"
bones/15/bone_parent = &"LeftThumbMetacarpal"
bones/15/tail_direction = 0
bones/15/reference_pose = Transform3D(1, 0, 0, 0, 1, 0, 0, 0, 1, 0, 0.043, 0)
bones/15/handle_offset = Vector2(0.3, 0.69)
bones/15/group = &"LeftHand"
bones/15/require = false
bones/16/bone_name = &"LeftThumbDistal"
bones/16/bone_parent = &"LeftThumbProximal"
bones/16/tail_direction = 0
bones/16/reference_pose = Transform3D(1, 0, 0, 0, 1, 0, 0, 0, 1, 0, 0.043, 0)
bones/16/handle_offset = Vector2(0.23, 0.555)
bones/16/group = &"LeftHand"
bones/16/require = false
bones/17/bone_name = &"LeftIndexProximal"
bones/17/bone_parent = &"LeftHand"
bones/17/tail_direction = 0
bones/17/reference_pose = Transform3D(1, 0, 0, 0, 1, 0, 0, 0, 1, -0.025, 0.075, 0)
bones/17/handle_offset = Vector2(0.413, 0.52)
bones/17/group = &"LeftHand"
bones/17/require = false
bones/18/bone_name = &"LeftIndexIntermediate"
bones/18/bone_parent = &"LeftIndexProximal"
bones/18/tail_direction = 0
bones/18/reference_pose = Transform3D(1, 0, 0, 0, 1, 0, 0, 0, 1, 0, 0.05, 0)
bones/18/handle_offset = Vector2(0.403, 0.36)
bones/18/group = &"LeftHand"
bones/18/require = false
bones/19/bone_name = &"LeftIndexDistal"
bones/19/bone_parent = &"LeftIndexIntermediate"
bones/19/tail_direction = 0
bones/19/reference_pose = Transform3D(1, 0, 0, 0, 1, 0, 0, 0, 1, 0, 0.025, 0)
bones/19/handle_offset = Vector2(0.403, 0.255)
bones/19/group = &"LeftHand"
bones/19/require = false
bones/20/bone_name = &"LeftMiddleProximal"
bones/20/bone_parent = &"LeftHand"
bones/20/tail_direction = 0
bones/20/reference_pose = Transform3D(1, 0, 0, 0, 1, 0, 0, 0, 1, 0, 0.075, 0)
bones/20/handle_offset = Vector2(0.5, 0.51)
bones/20/group = &"LeftHand"
bones/20/require = false
bones/21/bone_name = &"LeftMiddleIntermediate"
bones/21/bone_parent = &"LeftMiddleProximal"
bones/21/tail_direction = 0
bones/21/reference_pose = Transform3D(1, 0, 0, 0, 1, 0, 0, 0, 1, 0, 0.075, 0)
bones/21/handle_offset = Vector2(0.5, 0.345)
bones/21/group = &"LeftHand"
bones/21/require = false
bones/22/bone_name = &"LeftMiddleDistal"
bones/22/bone_parent = &"LeftMiddleIntermediate"
bones/22/tail_direction = 0
bones/22/reference_pose = Transform3D(1, 0, 0, 0, 1, 0, 0, 0, 1, 0, 0.025, 0)
bones/22/handle_offset = Vector2(0.5, 0.22)
bones/22/group = &"LeftHand"
bones/22/require = false
bones/23/bone_name = &"LeftRingProximal"
bones/23/bone_parent = &"LeftHand"
bones/23/tail_direction = 0
bones/23/reference_pose = Transform3D(1, 0, 0, 0, 1, 0, 0, 0, 1, 0.025, 0.075, 0)
bones/23/handle_offset = Vector2(0.586, 0.52)
bones/23/group = &"LeftHand"
bones/23/require = false
bones/24/bone_name = &"LeftRingIntermediate"
bones/24/bone_parent = &"LeftRingProximal"
bones/24/tail_direction = 0
bones/24/reference_pose = Transform3D(1, 0, 0, 0, 1, 0, 0, 0, 1, 0, 0.05, 0)
bones/24/handle_offset = Vector2(0.59, 0.36)
bones/24/group = &"LeftHand"
bones/24/require = false
bones/25/bone_name = &"LeftRingDistal"
bones/25/bone_parent = &"LeftRingIntermediate"
bones/25/tail_direction = 0
bones/25/reference_pose = Transform3D(1, 0, 0, 0, 1, 0, 0, 0, 1, 0, 0.025, 0)
bones/25/handle_offset = Vector2(0.591, 0.25)
bones/25/group = &"LeftHand"
bones/25/require = false
bones/26/bone_name = &"LeftLittleProximal"
bones/26/bone_parent = &"LeftHand"
bones/26/tail_direction = 0
bones/26/reference_pose = Transform3D(1, 0, 0, 0, 1, 0, 0, 0, 1, 0.05, 0.05, 0)
bones/26/handle_offset = Vector2(0.663, 0.543)
bones/26/group = &"LeftHand"
bones/26/require = false
bones/27/bone_name = &"LeftLittleIntermediate"
bones/27/bone_parent = &"LeftLittleProximal"
bones/27/tail_direction = 0
bones/27/reference_pose = Transform3D(1, 0, 0, 0, 1, 0, 0, 0, 1, 0, 0.05, 0)
bones/27/handle_offset = Vector2(0.672, 0.415)
bones/27/group = &"LeftHand"
bones/27/require = false
bones/28/bone_name = &"LeftLittleDistal"
bones/28/bone_parent = &"LeftLittleIntermediate"
bones/28/tail_direction = 0
bones/28/reference_pose = Transform3D(1, 0, 0, 0, 1, 0, 0, 0, 1, 0, 0.025, 0)
bones/28/handle_offset = Vector2(0.672, 0.32)
bones/28/group = &"LeftHand"
bones/28/require = false
bones/29/bone_name = &"RightShoulder"
bones/29/bone_parent = &"UpperChest"
bones/29/tail_direction = 0
bones/29/reference_pose = Transform3D(0, -1, 0, 0, 0, 1, -1, 0, 0, -0.05, 0.1, 0)
bones/29/handle_offset = Vector2(0.45, 0.235)
bones/29/group = &"Body"
bones/29/require = true
bones/30/bone_name = &"RightUpperArm"
bones/30/bone_parent = &"RightShoulder"
bones/30/tail_direction = 0
bones/30/reference_pose = Transform3D(-1, 0, 0, 0, 1, 0, 0, 0, -1, 0, 0.05, 0)
bones/30/handle_offset = Vector2(0.4, 0.24)
bones/30/group = &"Body"
bones/30/require = true
bones/31/bone_name = &"RightLowerArm"
bones/31/bone_parent = &"RightUpperArm"
bones/31/tail_direction = 0
bones/31/reference_pose = Transform3D(0, 0, 1, 0, 1, 0, -1, 0, 0, 0, 0.25, 0)
bones/31/handle_offset = Vector2(0.3, 0.24)
bones/31/group = &"Body"
bones/31/require = true
bones/32/bone_name = &"RightHand"
bones/32/bone_parent = &"RightLowerArm"
bones/32/tail_direction = 1
bones/32/bone_tail = &"RightMiddleProximal"
bones/32/reference_pose = Transform3D(0, 0, -1, 0, 1, 0, 1, 0, 0, 0, 0.25, 0)
bones/32/handle_offset = Vector2(0.18, 0.235)
bones/32/group = &"Body"
bones/32/require = true
bones/33/bone_name = &"RightThumbMetacarpal"
bones/33/bone_parent = &"RightHand"
bones/33/tail_direction = 0
bones/33/reference_pose = Transform3D(0, 0.577, -0.816, 0, 0.816, 0.577, 1, 0, 0, 0.025, 0.025, 0)
bones/33/handle_offset = Vector2(0.6, 0.8)
bones/33/group = &"RightHand"
bones/33/require = false
bones/34/bone_name = &"RightThumbProximal"
bones/34/bone_parent = &"RightThumbMetacarpal"
bones/34/tail_direction = 0
bones/34/reference_pose = Transform3D(1, 0, 0, 0, 1, 0, 0, 0, 1, 0, 0.043, 0)
bones/34/handle_offset = Vector2(0.7, 0.69)
bones/34/group = &"RightHand"
bones/34/require = false
bones/35/bone_name = &"RightThumbDistal"
bones/35/bone_parent = &"RightThumbProximal"
bones/35/tail_direction = 0
bones/35/reference_pose = Transform3D(1, 0, 0, 0, 1, 0, 0, 0, 1, 0, 0.043, 0)
bones/35/handle_offset = Vector2(0.77, 0.555)
bones/35/group = &"RightHand"
bones/35/require = false
bones/36/bone_name = &"RightIndexProximal"
bones/36/bone_parent = &"RightHand"
bones/36/tail_direction = 0
bones/36/reference_pose = Transform3D(1, 0, 0, 0, 1, 0, 0, 0, 1, 0.025, 0.075, 0)
bones/36/handle_offset = Vector2(0.587, 0.52)
bones/36/group = &"RightHand"
bones/36/require = false
bones/37/bone_name = &"RightIndexIntermediate"
bones/37/bone_parent = &"RightIndexProximal"
bones/37/tail_direction = 0
bones/37/reference_pose = Transform3D(1, 0, 0, 0, 1, 0, 0, 0, 1, 0, 0.05, 0)
bones/37/handle_offset = Vector2(0.597, 0.36)
bones/37/group = &"RightHand"
bones/37/require = false
bones/38/bone_name = &"RightIndexDistal"
bones/38/bone_parent = &"RightIndexIntermediate"
bones/38/tail_direction = 0
bones/38/reference_pose = Transform3D(1, 0, 0, 0, 1, 0, 0, 0, 1, 0, 0.025, 0)
bones/38/handle_offset = Vector2(0.597, 0.255)
bones/38/group = &"RightHand"
bones/38/require = false
bones/39/bone_name = &"RightMiddleProximal"
bones/39/bone_parent = &"RightHand"
bones/39/tail_direction = 0
bones/39/reference_pose = Transform3D(1, 0, 0, 0, 1, 0, 0, 0, 1, 0, 0.075, 0)
bones/39/handle_offset = Vector2(0.5, 0.51)
bones/39/group = &"RightHand"
bones/39/require = false
bones/40/bone_name = &"RightMiddleIntermediate"
bones/40/bone_parent = &"RightMiddleProximal"
bones/40/tail_direction = 0
bones/40/reference_pose = Transform3D(1, 0, 0, 0, 1, 0, 0, 0, 1, 0, 0.075, 0)
bones/40/handle_offset = Vector2(0.5, 0.345)
bones/40/group = &"RightHand"
bones/40/require = false
bones/41/bone_name = &"RightMiddleDistal"
bones/41/bone_parent = &"RightMiddleIntermediate"
bones/41/tail_direction = 0
bones/41/reference_pose = Transform3D(1, 0, 0, 0, 1, 0, 0, 0, 1, 0, 0.025, 0)
bones/41/handle_offset = Vector2(0.5, 0.22)
bones/41/group = &"RightHand"
bones/41/require = false
bones/42/bone_name = &"RightRingProximal"
bones/42/bone_parent = &"RightHand"
bones/42/tail_direction = 0
bones/42/reference_pose = Transform3D(1, 0, 0, 0, 1, 0, 0, 0, 1, -0.025, 0.075, 0)
bones/42/handle_offset = Vector2(0.414, 0.52)
bones/42/group = &"RightHand"
bones/42/require = false
bones/43/bone_name = &"RightRingIntermediate"
bones/43/bone_parent = &"RightRingProximal"
bones/43/tail_direction = 0
bones/43/reference_pose = Transform3D(1, 0, 0, 0, 1, 0, 0, 0, 1, 0, 0.05, 0)
bones/43/handle_offset = Vector2(0.41, 0.36)
bones/43/group = &"RightHand"
bones/43/require = false
bones/44/bone_name = &"RightRingDistal"
bones/44/bone_parent = &"RightRingIntermediate"
bones/44/tail_direction = 0
bones/44/reference_pose = Transform3D(1, 0, 0, 0, 1, 0, 0, 0, 1, 0, 0.025, 0)
bones/44/handle_offset = Vector2(0.409, 0.25)
bones/44/group = &"RightHand"
bones/44/require = false
bones/45/bone_name = &"RightLittleProximal"
bones/45/bone_parent = &"RightHand"
bones/45/tail_direction = 0
bones/45/reference_pose = Transform3D(1, 0, 0, 0, 1, 0, 0, 0, 1, -0.05, 0.05, 0)
bones/45/handle_offset = Vector2(0.337, 0.543)
bones/45/group = &"RightHand"
bones/45/require = false
bones/46/bone_name = &"RightLittleIntermediate"
bones/46/bone_parent = &"RightLittleProximal"
bones/46/tail_direction = 0
bones/46/reference_pose = Transform3D(1, 0, 0, 0, 1, 0, 0, 0, 1, 0, 0.05, 0)
bones/46/handle_offset = Vector2(0.328, 0.415)
bones/46/group = &"RightHand"
bones/46/require = false
bones/47/bone_name = &"RightLittleDistal"
bones/47/bone_parent = &"RightLittleIntermediate"
bones/47/tail_direction = 0
bones/47/reference_pose = Transform3D(1, 0, 0, 0, 1, 0, 0, 0, 1, 0, 0.025, 0)
bones/47/handle_offset = Vector2(0.328, 0.32)
bones/47/group = &"RightHand"
bones/47/require = false
bones/48/bone_name = &"LeftUpperLeg"
bones/48/bone_parent = &"Hips"
bones/48/tail_direction = 0
bones/48/reference_pose = Transform3D(-1, 0, 0, 0, -1, 0, 0, 0, 1, 0.1, 0, 0)
bones/48/handle_offset = Vector2(0.549, 0.49)
bones/48/group = &"Body"
bones/48/require = true
bones/49/bone_name = &"LeftLowerLeg"
bones/49/bone_parent = &"LeftUpperLeg"
bones/49/tail_direction = 0
bones/49/reference_pose = Transform3D(-1, 0, 0, 0, 1, 0, 0, 0, -1, 0, 0.375, 0)
bones/49/handle_offset = Vector2(0.548, 0.683)
bones/49/group = &"Body"
bones/49/require = true
bones/50/bone_name = &"LeftFoot"
bones/50/bone_parent = &"LeftLowerLeg"
bones/50/tail_direction = 0
bones/50/reference_pose = Transform3D(-1, 0, 0, 0, 0, -1, 0, -1, 0, 0, 0.375, 0)
bones/50/handle_offset = Vector2(0.545, 0.9)
bones/50/group = &"Body"
bones/50/require = true
bones/51/bone_name = &"LeftToes"
bones/51/bone_parent = &"LeftFoot"
bones/51/tail_direction = 0
bones/51/reference_pose = Transform3D(-1, 0, 0, 0, 1, 0, 0, 0, -1, 0, 0.15, 0)
bones/51/handle_offset = Vector2(0.545, 0.95)
bones/51/group = &"Body"
bones/51/require = false
bones/52/bone_name = &"RightUpperLeg"
bones/52/bone_parent = &"Hips"
bones/52/tail_direction = 0
bones/52/reference_pose = Transform3D(-1, 0, 0, 0, -1, 0, 0, 0, 1, -0.1, 0, 0)
bones/52/handle_offset = Vector2(0.451, 0.49)
bones/52/group = &"Body"
bones/52/require = true
bones/53/bone_name = &"RightLowerLeg"
bones/53/bone_parent = &"RightUpperLeg"
bones/53/tail_direction = 0
bones/53/reference_pose = Transform3D(-1, 0, 0, 0, 1, 0, 0, 0, -1, 0, 0.375, 0)
bones/53/handle_offset = Vector2(0.452, 0.683)
bones/53/group = &"Body"
bones/53/require = true
bones/54/bone_name = &"RightFoot"
bones/54/bone_parent = &"RightLowerLeg"
bones/54/tail_direction = 0
bones/54/reference_pose = Transform3D(-1, 0, 0, 0, 0, -1, 0, -1, 0, 0, 0.375, 0)
bones/54/handle_offset = Vector2(0.455, 0.9)
bones/54/group = &"Body"
bones/54/require = true
bones/55/bone_name = &"RightToes"
bones/55/bone_parent = &"RightFoot"
bones/55/tail_direction = 0
bones/55/reference_pose = Transform3D(-1, 0, 0, 0, 1, 0, 0, 0, -1, 0, 0.15, 0)
bones/55/handle_offset = Vector2(0.455, 0.95)
bones/55/group = &"Body"
bones/55/require = false
bones/56/bone_name = &"LeftBigToeProximal"
bones/56/bone_parent = &"LeftFoot"
bones/56/tail_direction = 0
bones/56/reference_pose = Transform3D(0.99997187, -0.006513892, 0.0037113612, 0.007247972, 0.9665149, -0.2565099, -0.0019162068, 0.25652972, 0.96653444, 0.019007819, 0.11245915, 0.0053662937)
bones/56/handle_offset = Vector2(0.38387, 0.29099)
bones/56/group = &"LeftFoot"
bones/56/require = false
bones/57/bone_name = &"LeftBigToeDistal"
bones/57/bone_parent = &"LeftBigToeProximal"
bones/57/tail_direction = 0
bones/57/reference_pose = Transform3D(0.9988377, -0.04818893, -0.0011266031, 0.048132062, 0.9983735, -0.030559631, 0.002597406, 0.030469881, 0.99953246, 6.6211214e-09, 0.021130374, 0)
bones/57/handle_offset = Vector2(0.38294, 0.19431)
bones/57/group = &"LeftFoot"
bones/57/require = false
bones/58/bone_name = &"LeftToe2Proximal"
bones/58/bone_parent = &"LeftFoot"
bones/58/tail_direction = 0
bones/58/reference_pose = Transform3D(0.9911849, -0.13120139, 0.018403044, 0.12999442, 0.9363073, -0.32623687, 0.02557182, 0.32575345, 0.9451089, 0.0017863074, 0.116788246, 0.010544475)
bones/58/handle_offset = Vector2(0.47676, 0.29383)
bones/58/group = &"LeftFoot"
bones/58/require = false
bones/59/bone_name = &"LeftToe2Intermediate"
bones/59/bone_parent = &"LeftToe2Proximal"
bones/59/tail_direction = 0
bones/59/reference_pose = Transform3D(0.99788564, 0.06431732, 0.00935318, -0.06411717, 0.95062226, 0.30365497, 0.010638931, -0.30361265, 0.9527361, 8.731149e-09, 0.016077127, -4.656613e-10)
bones/59/handle_offset = Vector2(0.4834, 0.22653)
bones/59/group = &"LeftFoot"
bones/59/require = false
bones/60/bone_name = &"LeftToe2Distal"
bones/60/bone_parent = &"LeftToe2Intermediate"
bones/60/tail_direction = 0
bones/60/reference_pose = Transform3D(0.99988866, -0.0018943882, -0.014801003, 0.0021428592, 0.99985653, 0.016789628, 0.014767078, -0.016819473, 0.9997494, -8.556526e-09, 0.012059479, -7.450581e-09)
bones/60/handle_offset = Vector2(0.49098, 0.17061)
bones/60/group = &"LeftFoot"
bones/60/require = false
bones/61/bone_name = &"LeftToe3Proximal"
bones/61/bone_parent = &"LeftFoot"
bones/61/tail_direction = 0
bones/61/reference_pose = Transform3D(0.9866366, -0.1384014, -0.08598373, 0.11614022, 0.96749765, -0.2246331, 0.11427858, 0.21164511, 0.9706424, -0.011243438, 0.11754217, 0.010433387)
bones/61/handle_offset = Vector2(0.53932, 0.30046)
bones/61/group = &"LeftFoot"
bones/61/require = false
bones/62/bone_name = &"LeftToe3Intermediate"
bones/62/bone_parent = &"LeftToe3Proximal"
bones/62/tail_direction = 0
bones/62/reference_pose = Transform3D(0.99854344, 0.053800248, 0.0040556244, -0.05394885, 0.99472344, 0.0872624, 0.00066051394, -0.087354094, 0.9961771, -6.9849193e-09, 0.014109572, 5.5879354e-09)
bones/62/handle_offset = Vector2(0.54975, 0.24265)
bones/62/group = &"LeftFoot"
bones/62/require = false
bones/63/bone_name = &"LeftToe3Distal"
bones/63/bone_parent = &"LeftToe3Intermediate"
bones/63/tail_direction = 0
bones/63/reference_pose = Transform3D(0.9989339, 0.028291708, -0.036473863, -0.02540355, 0.99668, 0.077351704, 0.038541187, -0.07634269, 0.99633634, 3.5390258e-08, 0.010792489, -1.8626451e-09)
bones/63/handle_offset = Vector2(0.55733, 0.19905)
bones/63/group = &"LeftFoot"
bones/63/require = false
bones/64/bone_name = &"LeftToe4Proximal"
bones/64/bone_parent = &"LeftFoot"
bones/64/tail_direction = 0
bones/64/reference_pose = Transform3D(0.96517414, -0.11650675, -0.23423254, 0.10194109, 0.99207926, -0.073401004, 0.24092881, 0.046966854, 0.9694057, -0.02317882, 0.114454105, 0.0086824875)
bones/64/handle_offset = Vector2(0.59335, 0.3308)
bones/64/group = &"LeftFoot"
bones/64/require = false
bones/65/bone_name = &"LeftToe4Intermediate"
bones/65/bone_parent = &"LeftToe4Proximal"
bones/65/tail_direction = 0
bones/65/reference_pose = Transform3D(0.9994773, 0.032323502, 0.00039293955, -0.03221926, 0.9951207, 0.093256675, 0.00262336, -0.09322061, 0.995642, 1.9092113e-08, 0.010827314, 0)
bones/65/handle_offset = Vector2(0.60757, 0.28246)
bones/65/group = &"LeftFoot"
bones/65/require = false
bones/66/bone_name = &"LeftToe4Distal"
bones/66/bone_parent = &"LeftToe4Intermediate"
bones/66/tail_direction = 0
bones/66/reference_pose = Transform3D(0.9985336, 0.0060926573, 0.053791214, -0.010215203, 0.9970018, 0.07670087, -0.053162623, -0.077137895, 0.9956021, -1.0011718e-08, 0.009059245, 3.7252903e-09)
bones/66/handle_offset = Vector2(0.61799, 0.23886)
bones/66/group = &"LeftFoot"
bones/66/require = false
bones/67/bone_name = &"LeftToe5Proximal"
bones/67/bone_parent = &"LeftFoot"
bones/67/tail_direction = 0
bones/67/reference_pose = Transform3D(0.9779546, 0.056439433, -0.20104507, -0.07251211, 0.9946564, -0.073494844, 0.19582264, 0.08645287, 0.97682106, -0.036949176, 0.1120983, 0.003581794)
bones/67/handle_offset = Vector2(0.65306, 0.35544)
bones/67/group = &"LeftFoot"
bones/67/require = false
bones/68/bone_name = &"LeftToe5Intermediate"
bones/68/bone_parent = &"LeftToe5Proximal"
bones/68/tail_direction = 0
bones/68/reference_pose = Transform3D(0.99681586, 0.066518605, -0.04397177, -0.05273574, 0.9635795, 0.26217118, 0.059809558, -0.25901756, 0.96401894, 4.1909516e-09, 0.013354396, 5.5879354e-09)
bones/68/handle_offset = Vector2(0.66254, 0.32321)
bones/68/group = &"LeftFoot"
bones/68/require = false
bones/69/bone_name = &"LeftToe5Distal"
bones/69/bone_parent = &"LeftToe5Intermediate"
bones/69/tail_direction = 0
bones/69/reference_pose = Transform3D(0.9969371, 0.0647806, -0.043817207, -0.06583567, 0.9975634, -0.02307874, 0.0422154, 0.025892785, 0.99877286, -6.9849193e-09, 0.0041338773, 1.21071935e-08)
bones/69/handle_offset = Vector2(0.66728, 0.2853)
bones/69/group = &"LeftFoot"
bones/69/require = false
bones/70/bone_name = &"RightBigToeProximal"
bones/70/bone_parent = &"RightFoot"
bones/70/tail_direction = 0
bones/70/reference_pose = Transform3D(0.9999718, 0.006513862, -0.0037113484, -0.0072479416, 0.9665145, -0.25650996, 0.0019162018, 0.25652972, 0.9665343, -0.019007836, 0.11245914, 0.005366273)
bones/70/handle_offset = Vector2(0.63244, 0.29099)
bones/70/group = &"RightFoot"
bones/70/require = false
bones/71/bone_name = &"RightBigToeDistal"
bones/71/bone_parent = &"RightBigToeProximal"
bones/71/tail_direction = 0
bones/71/reference_pose = Transform3D(0.9988377, 0.04818881, 0.0011265599, -0.04813195, 0.99837345, -0.030559605, -0.0025973583, 0.03046986, 0.99953234, 7.6397555e-09, 0.021130363, -1.8626451e-09)
bones/71/handle_offset = Vector2(0.63339, 0.19431)
bones/71/group = &"RightFoot"
bones/71/require = false
bones/72/bone_name = &"RightToe2Proximal"
bones/72/bone_parent = &"RightFoot"
bones/72/tail_direction = 0
bones/72/reference_pose = Transform3D(0.9911849, 0.13120116, -0.018403025, -0.12999421, 0.93630725, -0.32623672, -0.02557175, 0.3257533, 0.9451088, -0.0017863116, 0.11678824, 0.010544458)
bones/72/handle_offset = Vector2(0.53956, 0.29383)
bones/72/group = &"RightFoot"
bones/72/require = false
bones/73/bone_name = &"RightToe2Intermediate"
bones/73/bone_parent = &"RightToe2Proximal"
bones/73/tail_direction = 0
bones/73/reference_pose = Transform3D(0.99788564, -0.064317256, -0.009353178, 0.06411711, 0.95062226, 0.30365494, -0.010638912, -0.30361262, 0.9527361, -5.355105e-09, 0.016077137, 9.313226e-10)
bones/73/handle_offset = Vector2(0.53292, 0.22653)
bones/73/group = &"RightFoot"
bones/73/require = false
bones/74/bone_name = &"RightToe2Distal"
bones/74/bone_parent = &"RightToe2Intermediate"
bones/74/tail_direction = 0
bones/74/reference_pose = Transform3D(0.99988866, 0.0018944355, 0.014800984, -0.0021429053, 0.99985665, 0.016789587, -0.014767058, -0.016819436, 0.9997494, 6.722985e-09, 0.012059476, 7.450581e-09)
bones/74/handle_offset = Vector2(0.52534, 0.17061)
bones/74/group = &"RightFoot"
bones/74/require = false
bones/75/bone_name = &"RightToe3Proximal"
bones/75/bone_parent = &"RightFoot"
bones/75/tail_direction = 0
bones/75/reference_pose = Transform3D(0.98663664, 0.13840118, 0.08598374, -0.11613995, 0.967498, -0.22463308, -0.11427854, 0.21164523, 0.97064227, 0.011243423, 0.117542155, 0.0104333665)
bones/75/handle_offset = Vector2(0.477, 0.30046)
bones/75/group = &"RightFoot"
bones/75/require = false
bones/76/bone_name = &"RightToe3Intermediate"
bones/76/bone_parent = &"RightToe3Proximal"
bones/76/tail_direction = 0
bones/76/reference_pose = Transform3D(0.9985435, -0.05380006, -0.004055667, 0.053948674, 0.9947234, 0.087262414, -0.00066045613, -0.087354116, 0.996177, 1.9790605e-09, 0.014109589, -2.7939677e-09)
bones/76/handle_offset = Vector2(0.46657, 0.24265)
bones/76/group = &"RightFoot"
bones/76/require = false
bones/77/bone_name = &"RightToe3Distal"
bones/77/bone_parent = &"RightToe3Intermediate"
bones/77/tail_direction = 0
bones/77/reference_pose = Transform3D(0.998934, -0.028291693, 0.03647392, 0.025403528, 0.99668, 0.077351764, -0.038541246, -0.07634275, 0.99633634, -4.1909516e-09, 0.010792492, 5.5879354e-09)
bones/77/handle_offset = Vector2(0.45899, 0.19905)
bones/77/group = &"RightFoot"
bones/77/require = false
bones/78/bone_name = &"RightToe4Proximal"
bones/78/bone_parent = &"RightFoot"
bones/78/tail_direction = 0
bones/78/reference_pose = Transform3D(0.96517414, 0.11650683, 0.23423252, -0.10194119, 0.9920787, -0.07340115, -0.24092883, 0.046966963, 0.96940565, 0.023178805, 0.11445409, 0.008682465)
bones/78/handle_offset = Vector2(0.42297, 0.3308)
bones/78/group = &"RightFoot"
bones/78/require = false
bones/79/bone_name = &"RightToe4Intermediate"
bones/79/bone_parent = &"RightToe4Proximal"
bones/79/tail_direction = 0
bones/79/reference_pose = Transform3D(0.9994774, -0.032323685, -0.00039298763, 0.03221945, 0.99512064, 0.09325681, -0.0026233336, -0.09322073, 0.995642, -9.313226e-09, 0.010827313, -9.313226e-09)
bones/79/handle_offset = Vector2(0.40875, 0.28246)
bones/79/group = &"RightFoot"
bones/79/require = false
bones/80/bone_name = &"RightToe4Distal"
bones/80/bone_parent = &"RightToe4Intermediate"
bones/80/tail_direction = 0
bones/80/reference_pose = Transform3D(0.9985336, -0.0060927733, -0.05379125, 0.010215318, 0.99700177, 0.076700784, 0.053162657, -0.0771378, 0.9956021, -5.122274e-09, 0.009059252, 0)
bones/80/handle_offset = Vector2(0.39833, 0.23886)
bones/80/group = &"RightFoot"
bones/80/require = false
bones/81/bone_name = &"RightToe5Proximal"
bones/81/bone_parent = &"RightFoot"
bones/81/tail_direction = 0
bones/81/reference_pose = Transform3D(0.9779547, -0.05643935, 0.20104504, 0.07251206, 0.9946558, -0.073494844, -0.19582266, 0.08645281, 0.976821, 0.03694916, 0.11209828, 0.003581779)
bones/81/handle_offset = Vector2(0.36326, 0.35544)
bones/81/group = &"RightFoot"
bones/81/require = false
bones/82/bone_name = &"RightToe5Intermediate"
bones/82/bone_parent = &"RightToe5Proximal"
bones/82/tail_direction = 0
bones/82/reference_pose = Transform3D(0.9968158, -0.066518664, 0.043971762, 0.052735824, 0.9635793, 0.262171, -0.05980956, -0.25901735, 0.96401894, 2.3748726e-08, 0.013354399, 1.8626451e-09)
bones/82/handle_offset = Vector2(0.35378, 0.32321)
bones/82/group = &"RightFoot"
bones/82/require = false
bones/83/bone_name = &"RightToe5Distal"
bones/83/bone_parent = &"RightToe5Intermediate"
bones/83/tail_direction = 0
bones/83/reference_pose = Transform3D(0.99693704, -0.06478047, 0.04381726, 0.065835536, 0.9975634, -0.023078742, -0.042215455, 0.025892787, 0.9987728, 8.8475645e-09, 0.0041338634, -9.313226e-10)
bones/83/handle_offset = Vector2(0.349, 0.2853)
bones/83/group = &"RightFoot"
bones/83/require = false
